160 INDEX munemel.

11110114.

1111111 88. 105. 108.

1111110140111111111 16 (bre). 101.
11111101(αά11.) 111.

mirabile 18.

10111111111.

miseri 78.

mitescere 47.

moderator 115.

modo 93. 111. 198.

Molorcheis 13.

1110101147.

mortis 70. mortem 105.

mor 18111011 73.

1111111ᾶὶ18. 150.

· 1111111111 7.

murus muris 174.

mutere 63. mutate 106.

mutue mute 119.

N.

nem 18. 39. 45. 54. 107. 183. 188.

nemque 1111. 111. 151.

nascor natus 110.

11111144.

1151. 11.

nee 5. 7. 14. 17. 30. 40. 410111).
55. 61. 71. 73. 118. 115. 117.
118. 138. 139. 140. 143. 144.
161. 164. 191. 100.

necet 168.

neget 11.

Neptunius 56.

1110111161.

nequet 110. nequeant 1.

Nereus 11111158.

Nestora 49.

Nilus 140.

nimium 187.

niteret 183.

1111110111.

1111110156.

110 nentem 70.

1105111160.

101011111733.

non 6. 19. 33. 46. 48. 76. 7181.
100. 106. 111. 116. 136137.
157. 161. 163177. 178180.
181. 191. 198. 199.

1101001111 197. nobie 7. 169. .

noster 181. nostre 166. nostro
166. nostrum 3811011111 191.
1101111179.

1101111101.

1011111188.

novum 80.

nudaret 75.

nune 111. 115. naua (11.0.) ’
164. 103.

numquam 65.

1111110188.

0.

0111011111 64.

0511111139.

obvie 90. 137.

0011111111 147.

0111111148.

Olympum 11. 131.

omne 16. 0111111113.

01111143.

opibus 183.

opus 18.

0111110111) 101.

orbem 10. 50. 80. 147. 149. orbo
44151176.

ordine 184.

 

